5.000000000000000000e-01 0.000000000000000000e+00
1.500000000000000000e+00 2.000000000000000000e+00
2.500000000000000000e+00 0.000000000000000000e+00
3.500000000000000000e+00 2.000000000000000000e+00
4.500000000000000000e+00 3.000000000000000000e+00
5.500000000000000000e+00 4.000000000000000000e+00
6.500000000000000000e+00 0.000000000000000000e+00
7.500000000000000000e+00 0.000000000000000000e+00
8.500000000000000000e+00 4.000000000000000000e+00
9.500000000000000000e+00 1.000000000000000000e+01
1.050000000000000000e+01 0.000000000000000000e+00
1.150000000000000000e+01 5.000000000000000000e+00
1.250000000000000000e+01 7.000000000000000000e+00
1.350000000000000000e+01 1.100000000000000000e+01
1.450000000000000000e+01 7.000000000000000000e+00
1.550000000000000000e+01 1.000000000000000000e+01
1.650000000000000000e+01 1.100000000000000000e+01
1.750000000000000000e+01 1.200000000000000000e+01
1.850000000000000000e+01 1.100000000000000000e+01
1.950000000000000000e+01 1.400000000000000000e+01
2.050000000000000000e+01 9.000000000000000000e+00
2.150000000000000000e+01 1.600000000000000000e+01
2.250000000000000000e+01 1.600000000000000000e+01
2.350000000000000000e+01 1.600000000000000000e+01
2.450000000000000000e+01 2.000000000000000000e+01
2.550000000000000000e+01 2.000000000000000000e+01
2.650000000000000000e+01 1.800000000000000000e+01
2.750000000000000000e+01 2.200000000000000000e+01
2.850000000000000000e+01 1.700000000000000000e+01
2.950000000000000000e+01 2.200000000000000000e+01
3.050000000000000000e+01 2.300000000000000000e+01
3.150000000000000000e+01 1.800000000000000000e+01
3.250000000000000000e+01 2.600000000000000000e+01
3.350000000000000000e+01 2.300000000000000000e+01
3.450000000000000000e+01 2.200000000000000000e+01
3.550000000000000000e+01 1.400000000000000000e+01
3.650000000000000000e+01 2.300000000000000000e+01
3.750000000000000000e+01 1.000000000000000000e+01
3.850000000000000000e+01 1.800000000000000000e+01
3.950000000000000000e+01 1.600000000000000000e+01
4.050000000000000000e+01 1.200000000000000000e+01
4.150000000000000000e+01 1.300000000000000000e+01
4.250000000000000000e+01 1.400000000000000000e+01
4.350000000000000000e+01 1.000000000000000000e+01
4.450000000000000000e+01 6.000000000000000000e+00
4.550000000000000000e+01 5.000000000000000000e+00
4.650000000000000000e+01 1.000000000000000000e+01
4.750000000000000000e+01 9.000000000000000000e+00
4.850000000000000000e+01 7.000000000000000000e+00
4.950000000000000000e+01 1.000000000000000000e+00
5.050000000000000000e+01 5.000000000000000000e+00
5.150000000000000000e+01 2.000000000000000000e+00
5.250000000000000000e+01 6.000000000000000000e+00
5.350000000000000000e+01 4.000000000000000000e+00
5.450000000000000000e+01 4.000000000000000000e+00
5.550000000000000000e+01 4.000000000000000000e+00
5.650000000000000000e+01 1.000000000000000000e+00
5.750000000000000000e+01 5.000000000000000000e+00
5.850000000000000000e+01 7.000000000000000000e+00
5.950000000000000000e+01 1.000000000000000000e+01
6.050000000000000000e+01 2.300000000000000000e+01
6.150000000000000000e+01 1.200000000000000000e+01
6.250000000000000000e+01 2.700000000000000000e+01
6.350000000000000000e+01 2.500000000000000000e+01
6.450000000000000000e+01 3.200000000000000000e+01
6.550000000000000000e+01 5.900000000000000000e+01
6.650000000000000000e+01 8.100000000000000000e+01
6.750000000000000000e+01 6.300000000000000000e+01
6.850000000000000000e+01 8.600000000000000000e+01
6.950000000000000000e+01 7.900000000000000000e+01
7.050000000000000000e+01 8.100000000000000000e+01
7.150000000000000000e+01 7.800000000000000000e+01
7.250000000000000000e+01 6.300000000000000000e+01
7.350000000000000000e+01 6.400000000000000000e+01
7.450000000000000000e+01 5.200000000000000000e+01
7.550000000000000000e+01 4.000000000000000000e+01
7.650000000000000000e+01 2.500000000000000000e+01
7.750000000000000000e+01 2.800000000000000000e+01
7.850000000000000000e+01 2.100000000000000000e+01
7.950000000000000000e+01 1.200000000000000000e+01
8.050000000000000000e+01 1.500000000000000000e+01
8.150000000000000000e+01 8.000000000000000000e+00
8.250000000000000000e+01 8.000000000000000000e+00
8.350000000000000000e+01 4.000000000000000000e+00
8.450000000000000000e+01 1.000000000000000000e+00
8.550000000000000000e+01 2.000000000000000000e+00
8.650000000000000000e+01 1.000000000000000000e+00
8.750000000000000000e+01 1.000000000000000000e+00
8.850000000000000000e+01 4.000000000000000000e+00
8.950000000000000000e+01 3.000000000000000000e+00
9.050000000000000000e+01 4.000000000000000000e+00
9.150000000000000000e+01 3.000000000000000000e+00
9.250000000000000000e+01 1.000000000000000000e+00
9.350000000000000000e+01 2.000000000000000000e+00
9.450000000000000000e+01 4.000000000000000000e+00
9.550000000000000000e+01 4.000000000000000000e+00
9.650000000000000000e+01 5.000000000000000000e+00
9.750000000000000000e+01 3.000000000000000000e+00
9.850000000000000000e+01 3.000000000000000000e+00
9.950000000000000000e+01 5.000000000000000000e+00
1.005000000000000000e+02 6.000000000000000000e+00
1.015000000000000000e+02 1.000000000000000000e+01
1.025000000000000000e+02 7.000000000000000000e+00
1.035000000000000000e+02 1.100000000000000000e+01
1.045000000000000000e+02 5.000000000000000000e+00
1.055000000000000000e+02 1.400000000000000000e+01
1.065000000000000000e+02 1.900000000000000000e+01
1.075000000000000000e+02 1.800000000000000000e+01
1.085000000000000000e+02 1.000000000000000000e+01
1.095000000000000000e+02 1.000000000000000000e+01
1.105000000000000000e+02 1.500000000000000000e+01
1.115000000000000000e+02 1.400000000000000000e+01
1.125000000000000000e+02 1.500000000000000000e+01
1.135000000000000000e+02 1.100000000000000000e+01
1.145000000000000000e+02 2.000000000000000000e+01
1.155000000000000000e+02 1.700000000000000000e+01
1.165000000000000000e+02 1.900000000000000000e+01
1.175000000000000000e+02 2.200000000000000000e+01
1.185000000000000000e+02 1.800000000000000000e+01
1.195000000000000000e+02 2.400000000000000000e+01
1.205000000000000000e+02 1.700000000000000000e+01
1.215000000000000000e+02 1.500000000000000000e+01
1.225000000000000000e+02 1.700000000000000000e+01
1.235000000000000000e+02 2.000000000000000000e+01
1.245000000000000000e+02 2.400000000000000000e+01
1.255000000000000000e+02 2.900000000000000000e+01
1.265000000000000000e+02 2.200000000000000000e+01
1.275000000000000000e+02 1.400000000000000000e+01
1.285000000000000000e+02 1.300000000000000000e+01
1.295000000000000000e+02 1.400000000000000000e+01
1.305000000000000000e+02 2.100000000000000000e+01
1.315000000000000000e+02 1.800000000000000000e+01
1.325000000000000000e+02 1.400000000000000000e+01
1.335000000000000000e+02 9.000000000000000000e+00
1.345000000000000000e+02 9.000000000000000000e+00
1.355000000000000000e+02 1.000000000000000000e+01
1.365000000000000000e+02 9.000000000000000000e+00
1.375000000000000000e+02 1.100000000000000000e+01
1.385000000000000000e+02 1.200000000000000000e+01
1.395000000000000000e+02 1.000000000000000000e+01
1.405000000000000000e+02 3.000000000000000000e+00
1.415000000000000000e+02 4.000000000000000000e+00
1.425000000000000000e+02 7.000000000000000000e+00
1.435000000000000000e+02 4.000000000000000000e+00
1.445000000000000000e+02 2.000000000000000000e+00
1.455000000000000000e+02 5.000000000000000000e+00
1.465000000000000000e+02 3.000000000000000000e+00
1.475000000000000000e+02 8.000000000000000000e+00
1.485000000000000000e+02 1.000000000000000000e+00
1.495000000000000000e+02 3.000000000000000000e+00
